5 5
0 2
0 0 0 0 0 0 0 0 0 0 0 0 0 0 0 0 0 0 0 0 0 0 0 0 0 0 0 0 0 0 0 0
1000 1 0 0 0 0
0 0 0 0 0 0 0 0 0 0 0 0 0 0 0 0 0 0 0 0 0 0 0 0 0 0 0 0 0 0 0 0
1000 1 0 0 0 1
3 7
0 0 0 0 0 0 49 0 0 0 0 0 0 0 0 0 0 0 0 0 0 0 0 0 0 0 0 0 0 0 0 0
1 2
0 0 0 1 0 0 0 0 0 0 0 0 0 0 0 0 0 0 0 0 0 0 0 0 0 0 0 0 0 0 0 1
1000 4 10 0 1 0
1 0 0 0 144 878 999 999 415 252 0 0 432 634 999 999 775 411 0 0 432 634 999 999 415 252 0 0 144 878 999 999
1000 2 10 0 1 1
31 5
544 394 350 821 865 781 616 49 902 829 504 294 14 367 143 74 727 630 127 297 400 113 868 792 890 828 8 127 192 718 441 607
2 2
817259886 239018997 238855888 783253999 798454914 988687865 653519620 881458835 208278742 930300477 740983416 884563831 245621866 892568257 824257324 72233115 525165374 343774597 845696800 358725631 966518098 881111177 717465172 806372771 39479974 957531085 144389320 75362183 184783162 922198353 289875068 930000299
1000000000 2 10 1 1 0
494497008 497219583 490743140 49882374 206144496 3032999 595497939 448543932 801861903 608525865 940724768 743742393 477013590 508763014 275527225 798858984 850693869 219937 89510684 649048697 64328499 70375072 726125237 642352432 305231380 711437695 955330628 531528156 693817188 775998796 876212534 499639531
1000000000 4 10 0 1 1
7 -1
941446568 598451435 88831293 568189110 523475871 514172259 92634461 36875908 206610338 821288116 436849268 596020175 697231822 135703896 841580784 136454524 282560518 999247229 398463944 596489433 967945828 734638182 965142205 973226152 487949889 188566921 451535305 458940359 367782120 856971172 156476617 626977803
3 2
999 999 999 999 999 999 999 999 999 999 999 999 999 999 999 999 999 999 999 999 999 999 999 999 999 999 999 999 999 999 999 999
1000 1 0 0 0 0
4 0 0 0 0 0 0 0 0 0 0 0 0 0 0 0 0 0 0 0 0 0 0 0 0 0 0 0 0 0 0 0
1009 1 0 0 0 1
0 1
1 0 0 0 0 0 0 0 0 0 0 0 0 0 0 0 0 0 0 0 0 0 0 0 0 0 0 0 0 0 0 0
4 2
0 0 0 0 0 0 0 0 0 0 0 0 0 0 0 0 1 0 0 0 0 0 0 0 0 0 0 0 0 0 0 0
1000 1 0 0 0 0
-1 0 0 0 0 0 0 0 0 0 0 0 0 0 0 0 0 0 0 0 0 0 0 0 0 0 0 0 0 0 0 0
1000 2 0 0 1 1
0 -1
1 0 0 0 0 0 0 0 0 0 0 0 0 0 0 0 0 0 0 0 0 0 0 0 0 0 0 0 0 0 0 0
